<coordinates>
	44.6834,53.2987,0
	44.6833,53.3077,0
	44.6833,53.3167,0
	44.6983,53.3167,0
	44.6982,53.3257,0
	44.6982,53.3347,0
	44.6981,53.3437,0
	44.698,53.3527,0
	44.7133,53.3167,0
	44.7132,53.3257,0
	44.7132,53.3347,0
	44.7284,53.3078,0
	44.7282,53.3348,0
	44.7432,53.3348,0
	44.7582,53.3348,0
	44.7733,53.3259,0
	44.7732,53.3348,0
	44.7883,53.3259,0
	44.7882,53.3349,0
	44.8033,53.3169,0
	44.8033,53.3259,0
	44.8032,53.3349,0
	44.8184,53.308,0
	44.8183,53.317,0
	44.8183,53.3259,0
	44.8182,53.3349,0
	44.8334,53.299,0
	44.8334,53.308,0
	44.8333,53.317,0
	44.8333,53.326,0
	44.8333,53.3349,0
	44.8332,53.3439,0
	44.8332,53.3529,0
	44.8484,53.29,0
	44.8484,53.299,0
	44.8483,53.317,0
	44.8483,53.326,0
	44.8483,53.335,0
	44.8482,53.344,0
	44.8482,53.3529,0
	44.8482,53.3619,0
	44.8634,53.2901,0
	44.8634,53.299,0
	44.8634,53.308,0
	44.8633,53.344,0
	44.8632,53.353,0
	44.8784,53.2811,0
	44.8784,53.2901,0
	44.8784,53.2991,0
	44.8784,53.308,0
	44.8783,53.344,0
	44.8782,53.353,0
	44.8935,53.2721,0
	44.8934,53.2901,0
	44.8934,53.2991,0
	44.8934,53.3081,0
	44.8933,53.344,0
	44.8933,53.353,0
	44.9085,53.2631,0
	44.9085,53.2721,0
	44.9084,53.2811,0
	44.9084,53.2901,0
	44.9084,53.2991,0
	44.9084,53.3081,0
	44.9235,53.2542,0
	44.9235,53.2632,0
	44.9234,53.2811,0
	44.9234,53.2901,0
	44.9234,53.2991,0
	44.9385,53.2452,0
	44.9385,53.2542,0
	44.9384,53.2632,0
	44.9384,53.2811,0
	44.9384,53.2901,0
	44.9384,53.2991,0
	44.9535,53.2362,0
	44.9534,53.2452,0
	44.9534,53.2542,0
	44.9534,53.2632,0
	44.9534,53.2722,0
	44.9534,53.2811,0
	44.9534,53.2901,0
	44.9534,53.2991,0
	44.9684,53.2272,0
	44.9684,53.2362,0
	44.9684,53.2452,0
	44.9684,53.2542,0
	44.9684,53.2632,0
	44.9684,53.2722,0
	44.9684,53.2811,0
	44.9684,53.2901,0
	44.9684,53.2991,0
	44.9834,53.2183,0
	44.9834,53.2272,0
	44.9834,53.2362,0
	44.9834,53.2452,0
	44.9834,53.2542,0
	44.9834,53.2632,0
	44.9834,53.2722,0
	44.9834,53.2812,0
	44.9834,53.2901,0
	44.9834,53.2991,0
	44.9984,53.2093,0
	44.9984,53.2183,0
	44.9984,53.2272,0
	44.9984,53.2362,0
	44.9984,53.2452,0
	44.9984,53.2542,0
	44.9984,53.2632,0
	44.9984,53.2722,0
	44.9984,53.2812,0
	44.9984,53.2901,0
	44.9984,53.2991,0
	45.0134,53.2003,0
	45.0134,53.2093,0
	45.0134,53.2183,0
	45.0134,53.2272,0
	45.0134,53.2362,0
	45.0134,53.2452,0
	45.0134,53.2542,0
	45.0134,53.2632,0
	45.0134,53.2722,0
	45.0134,53.2812,0
	45.0134,53.2901,0
	45.0134,53.2991,0
	45.0283,53.1913,0
	45.0283,53.2003,0
	45.0283,53.2093,0
	45.0283,53.2183,0
	45.0283,53.2272,0
	45.0283,53.2362,0
	45.0283,53.2452,0
	45.0284,53.2542,0
	45.0284,53.2632,0
	45.0284,53.2722,0
	45.0284,53.2811,0
	45.0284,53.2901,0
	45.0284,53.2991,0
	45.0284,53.3081,0
	45.0284,53.3171,0
	45.0284,53.3261,0
	45.0284,53.3351,0
	45.0284,53.344,0
	45.0433,53.1823,0
	45.0433,53.1913,0
	45.0433,53.2003,0
	45.0433,53.2093,0
	45.0433,53.2182,0
	45.0433,53.2272,0
	45.0433,53.2362,0
	45.0433,53.2452,0
	45.0433,53.2542,0
	45.0433,53.2632,0
	45.0434,53.2722,0
	45.0434,53.2811,0
	45.0434,53.2901,0
	45.0434,53.2991,0
	45.0434,53.3081,0
	45.0434,53.3171,0
	45.0434,53.3261,0
	45.0434,53.3351,0
	45.0434,53.344,0
	45.0582,53.1733,0
	45.0582,53.1823,0
	45.0582,53.1913,0
	45.0582,53.2003,0
	45.0583,53.2093,0
	45.0583,53.2182,0
	45.0583,53.2272,0
	45.0583,53.2362,0
	45.0583,53.2452,0
	45.0583,53.2542,0
	45.0583,53.2632,0
	45.0583,53.2722,0
	45.0584,53.2811,0
	45.0584,53.2901,0
	45.0584,53.2991,0
	45.0584,53.3081,0
	45.0584,53.3171,0
	45.0584,53.3261,0
	45.0584,53.335,0
	45.0584,53.344,0
	45.0731,53.1643,0
	45.0732,53.1733,0
	45.0732,53.1823,0
	45.0732,53.1913,0
	45.0732,53.2003,0
	45.0732,53.2092,0
	45.0732,53.2182,0
	45.0733,53.2272,0
	45.0733,53.2362,0
	45.0733,53.2452,0
	45.0733,53.2542,0
	45.0733,53.2632,0
	45.0733,53.2721,0
	45.0733,53.2811,0
	45.0734,53.2901,0
	45.0734,53.2991,0
	45.0734,53.3081,0
	45.0734,53.3171,0
	45.0734,53.3261,0
	45.0734,53.335,0
	45.0735,53.344,0
	45.0881,53.1553,0
	45.0881,53.1643,0
	45.0881,53.1733,0
	45.0881,53.1823,0
	45.0882,53.1913,0
	45.0882,53.2003,0
	45.0882,53.2092,0
	45.0882,53.2182,0
	45.0882,53.2272,0
	45.0882,53.2362,0
	45.0883,53.2452,0
	45.0883,53.2542,0
	45.0883,53.2631,0
	45.0883,53.2721,0
	45.0883,53.2811,0
	45.0884,53.2901,0
	45.0884,53.2991,0
	45.0884,53.3081,0
	45.0884,53.3171,0
	45.0884,53.326,0
	45.0885,53.335,0
	45.0885,53.344,0
	45.103,53.1463,0
	45.103,53.1553,0
	45.1031,53.1643,0
	45.1031,53.1733,0
	45.1031,53.1823,0
	45.1031,53.1913,0
	45.1031,53.2002,0
	45.1032,53.2092,0
	45.1032,53.2182,0
	45.1032,53.2272,0
	45.1032,53.2362,0
	45.1032,53.2452,0
	45.1033,53.2542,0
	45.1033,53.2631,0
	45.1033,53.2721,0
	45.1033,53.2811,0
	45.1034,53.2901,0
	45.1034,53.2991,0
	45.1034,53.3081,0
	45.1034,53.317,0
	45.1034,53.326,0
	45.1035,53.335,0
	45.1035,53.344,0
	45.1179,53.1373,0
	45.118,53.1463,0
	45.118,53.1553,0
	45.118,53.1643,0
	45.118,53.1733,0
	45.1181,53.1823,0
	45.1181,53.1912,0
	45.1181,53.2002,0
	45.1181,53.2092,0
	45.1182,53.2182,0
	45.1182,53.2272,0
	45.1182,53.2362,0
	45.1182,53.2452,0
	45.1183,53.2541,0
	45.1183,53.2631,0
	45.1183,53.2721,0
	45.1183,53.2811,0
	45.1184,53.2901,0
	45.1184,53.2991,0
	45.1184,53.308,0
	45.1184,53.317,0
	45.1184,53.326,0
	45.1185,53.335,0
	45.1185,53.344,0
	45.1328,53.1283,0
	45.1329,53.1373,0
	45.1329,53.1463,0
	45.1329,53.1553,0
	45.133,53.1643,0
	45.133,53.1733,0
	45.133,53.1822,0
	45.133,53.1912,0
	45.1331,53.2002,0
	45.1331,53.2092,0
	45.1331,53.2182,0
	45.1332,53.2272,0
	45.1332,53.2362,0
	45.1332,53.2451,0
	45.1332,53.2541,0
	45.1333,53.2631,0
	45.1333,53.2721,0
	45.1333,53.2811,0
	45.1333,53.2901,0
	45.1334,53.299,0
	45.1334,53.308,0
	45.1335,53.326,0
	45.1335,53.335,0
	45.1335,53.344,0
	45.1478,53.1193,0
	45.1478,53.1283,0
	45.1478,53.1373,0
	45.1478,53.1463,0
	45.1479,53.1553,0
	45.1479,53.1642,0
	45.1479,53.1732,0
	45.148,53.1822,0
	45.148,53.1912,0
	45.148,53.2002,0
	45.1481,53.2092,0
	45.1481,53.2182,0
	45.1481,53.2271,0
	45.1482,53.2361,0
	45.1482,53.2451,0
	45.1482,53.2541,0
	45.1482,53.2631,0
	45.1483,53.2721,0
	45.1483,53.2811,0
	45.1483,53.29,0
	45.1484,53.299,0
	45.1484,53.308,0
	45.1484,53.317,0
	45.1485,53.326,0
	45.1485,53.335,0
	45.1485,53.344,0
	45.1486,53.3529,0
	45.1486,53.3619,0
	45.1627,53.1103,0
	45.1627,53.1193,0
	45.1627,53.1283,0
	45.1628,53.1373,0
	45.1628,53.1463,0
	45.1628,53.1552,0
	45.1629,53.1642,0
	45.1629,53.1732,0
	45.1629,53.1822,0
	45.163,53.1912,0
	45.163,53.2002,0
	45.163,53.2092,0
	45.1631,53.2181,0
	45.1631,53.2271,0
	45.1631,53.2361,0
	45.1632,53.2451,0
	45.1632,53.2541,0
	45.1632,53.2631,0
	45.1633,53.2721,0
	45.1633,53.281,0
	45.1633,53.29,0
	45.1634,53.299,0
	45.1634,53.308,0
	45.1634,53.317,0
	45.1635,53.326,0
	45.1635,53.335,0
	45.1635,53.3439,0
	45.1636,53.3529,0
	45.1636,53.3619,0
	45.1776,53.1013,0
	45.1776,53.1103,0
	45.1776,53.1193,0
	45.1777,53.1283,0
	45.1777,53.1373,0
	45.1777,53.1462,0
	45.1778,53.1552,0
	45.1778,53.1642,0
	45.1778,53.1732,0
	45.1779,53.1822,0
	45.1779,53.1912,0
	45.178,53.2001,0
	45.178,53.2091,0
	45.178,53.2181,0
	45.1781,53.2271,0
	45.1781,53.2361,0
	45.1781,53.2451,0
	45.1782,53.2541,0
	45.1782,53.263,0
	45.1783,53.272,0
	45.1783,53.281,0
	45.1783,53.29,0
	45.1784,53.299,0
	45.1784,53.308,0
	45.1784,53.317,0
	45.1785,53.3259,0
	45.1785,53.3349,0
	45.1786,53.3439,0
	45.1786,53.3529,0
	45.1786,53.3619,0
	45.1787,53.3709,0
	45.1924,53.0923,0
	45.1925,53.1013,0
	45.1925,53.1103,0
	45.1926,53.1193,0
	45.1926,53.1282,0
	45.1926,53.1372,0
	45.1927,53.1462,0
	45.1927,53.1552,0
	45.1928,53.1642,0
	45.1928,53.1732,0
	45.1928,53.1822,0
	45.1929,53.1911,0
	45.1929,53.2001,0
	45.193,53.2091,0
	45.193,53.2181,0
	45.193,53.2271,0
	45.1931,53.2361,0
	45.1931,53.2451,0
	45.1932,53.254,0
	45.1932,53.263,0
	45.1932,53.272,0
	45.1933,53.281,0
	45.1933,53.29,0
	45.1934,53.299,0
	45.1934,53.308,0
	45.1934,53.3169,0
	45.1935,53.3259,0
	45.1935,53.3349,0
	45.1936,53.3439,0
	45.1936,53.3529,0
	45.1937,53.3619,0
	45.1937,53.3708,0
	45.2073,53.0833,0
	45.2074,53.0923,0
	45.2074,53.1013,0
	45.2075,53.1102,0
	45.2075,53.1192,0
	45.2075,53.1282,0
	45.2076,53.1372,0
	45.2076,53.1462,0
	45.2077,53.1642,0
	45.2078,53.1731,0
	45.2078,53.1821,0
	45.2078,53.1911,0
	45.2079,53.2001,0
	45.2079,53.2091,0
	45.208,53.2181,0
	45.208,53.2271,0
	45.2081,53.236,0
	45.2081,53.245,0
	45.2081,53.254,0
	45.2082,53.263,0
	45.2082,53.272,0
	45.2083,53.281,0
	45.2083,53.29,0
	45.2084,53.2989,0
	45.2084,53.3079,0
	45.2085,53.3169,0
	45.2085,53.3259,0
	45.2085,53.3349,0
	45.2086,53.3439,0
	45.2086,53.3529,0
	45.2087,53.3618,0
	45.2222,53.0743,0
	45.2222,53.0833,0
	45.2223,53.0922,0
	45.2223,53.1012,0
	45.2224,53.1102,0
	45.2224,53.1192,0
	45.2225,53.1282,0
	45.2225,53.1372,0
	45.2226,53.1462,0
	45.2228,53.1911,0
	45.2229,53.2001,0
	45.2229,53.2091,0
	45.2229,53.218,0
	45.223,53.227,0
	45.223,53.236,0
	45.2231,53.245,0
	45.2231,53.254,0
	45.2232,53.263,0
	45.2232,53.272,0
	45.2233,53.2809,0
	45.2233,53.2899,0
	45.2234,53.2989,0
	45.2234,53.3079,0
	45.2235,53.3169,0
	45.2235,53.3259,0
	45.2236,53.3349,0
	45.2236,53.3438,0
	45.2236,53.3528,0
	45.2371,53.0653,0
	45.2371,53.0742,0
	45.2372,53.0832,0
	45.2372,53.0922,0
	45.2373,53.1012,0
	45.2373,53.1102,0
	45.2374,53.1192,0
	45.2377,53.1821,0
	45.2378,53.1911,0
	45.2378,53.2,0
	45.238,53.236,0
	45.2381,53.245,0
	45.2381,53.254,0
	45.2383,53.2809,0
	45.2384,53.3079,0
	45.2385,53.3169,0
	45.2385,53.3258,0
	45.2519,53.0562,0
	45.252,53.0652,0
	45.252,53.0742,0
	45.2521,53.0832,0
	45.2522,53.1012,0
	45.2523,53.1102,0
	45.2523,53.1191,0
	45.2526,53.1731,0
	45.2527,53.182,0
	45.2527,53.191,0
	45.2528,53.2,0
	45.2528,53.209,0
	45.2529,53.218,0
	45.2535,53.3168,0
	45.2668,53.0472,0
	45.2672,53.1191,0
	45.2675,53.164,0
	45.2676,53.173,0
	45.2676,53.182,0
	45.2677,53.191,0
	45.2677,53.2,0
	45.2678,53.209,0
	45.2679,53.218,0
	45.2684,53.3078,0
	45.2824,53.155,0
	45.2825,53.164,0
	45.2825,53.173,0
	45.2826,53.182,0
	45.2826,53.191,0
	45.2827,53.1999,0
	45.2834,53.3078,0
	45.2835,53.3168,0
	45.2973,53.146,0
	45.2974,53.155,0
	45.2974,53.164,0
	45.2975,53.1819,0
	45.2976,53.1909,0
	45.2977,53.1999,0
	45.2985,53.3167,0
	45.3125,53.1819,0
	45.3126,53.1909,0
	45.3126,53.1999,0
</coordinates>
<coordinates>
	44.6831,53.3436,0
</coordinates>
<coordinates>
	44.6986,53.2718,0
	44.6985,53.2808,0
	44.7137,53.2628,0
	44.7136,53.2718,0
	44.7135,53.2898,0
</coordinates>
<coordinates>
	44.7139,53.2269,0
	44.7289,53.2269,0
	44.7288,53.2359,0
</coordinates>
<coordinates>
	44.7138,53.2449,0
	44.7137,53.2539,0
</coordinates>
<coordinates>
	44.7441,53.182,0
	44.7441,53.191,0
	44.7591,53.1731,0
	44.7591,53.1821,0
	44.759,53.1911,0
	44.759,53.2,0
	44.7589,53.209,0
	44.7589,53.218,0
	44.7588,53.227,0
	44.7588,53.236,0
	44.7587,53.245,0
	44.7587,53.254,0
	44.7586,53.2629,0
	44.774,53.1821,0
	44.774,53.1911,0
	44.7739,53.2001,0
	44.7739,53.2091,0
	44.7738,53.218,0
	44.7738,53.227,0
	44.7737,53.236,0
	44.7737,53.245,0
	44.7736,53.254,0
	44.7736,53.263,0
	44.7735,53.272,0
	44.7889,53.2001,0
	44.7888,53.2091,0
	44.7887,53.245,0
	44.7886,53.254,0
	44.7886,53.263,0
	44.7885,53.272,0
	44.7885,53.281,0
	44.8036,53.245,0
	44.8036,53.254,0
	44.8035,53.272,0
	44.8035,53.281,0
	44.8187,53.2361,0
	44.8186,53.2451,0
	44.8186,53.2541,0
	44.8186,53.263,0
	44.8337,53.2271,0
	44.8336,53.2361,0
	44.8336,53.2451,0
	44.8336,53.2541,0
	44.8335,53.2631,0
	44.8335,53.272,0
	44.8487,53.2182,0
	44.8487,53.2271,0
	44.8486,53.2361,0
	44.8486,53.2451,0
	44.8486,53.2541,0
	44.8485,53.2631,0
	44.8637,53.2092,0
	44.8637,53.2182,0
	44.8636,53.2272,0
	44.8636,53.2361,0
	44.8636,53.2451,0
	44.8635,53.2541,0
	44.8635,53.2631,0
	44.8635,53.2721,0
	44.8787,53.2002,0
	44.8787,53.2092,0
	44.8786,53.2182,0
	44.8786,53.2272,0
	44.8786,53.2362,0
	44.8785,53.2451,0
	44.8785,53.2541,0
	44.8785,53.2631,0
	44.8785,53.2721,0
	44.8937,53.1912,0
	44.8936,53.2002,0
	44.8936,53.2092,0
	44.8936,53.2182,0
	44.8936,53.2272,0
	44.8936,53.2362,0
	44.8935,53.2452,0
	44.8935,53.2541,0
	44.8935,53.2631,0
	44.9086,53.1823,0
	44.9086,53.1913,0
	44.9086,53.2002,0
	44.9086,53.2092,0
	44.9086,53.2182,0
	44.9085,53.2272,0
	44.9085,53.2362,0
	44.9085,53.2452,0
	44.9085,53.2542,0
	44.9236,53.1733,0
	44.9236,53.1823,0
	44.9236,53.1913,0
	44.9236,53.2003,0
	44.9236,53.2092,0
	44.9235,53.2182,0
	44.9235,53.2272,0
	44.9235,53.2362,0
	44.9235,53.2452,0
	44.9386,53.1643,0
	44.9386,53.1733,0
	44.9386,53.1823,0
	44.9385,53.1913,0
	44.9385,53.2003,0
	44.9385,53.2093,0
	44.9385,53.2182,0
	44.9385,53.2272,0
	44.9385,53.2362,0
	44.9535,53.1553,0
	44.9535,53.1643,0
	44.9535,53.1733,0
	44.9535,53.1823,0
	44.9535,53.1913,0
	44.9535,53.2003,0
	44.9535,53.2093,0
	44.9535,53.2182,0
	44.9535,53.2272,0
	44.9685,53.1464,0
	44.9685,53.1554,0
	44.9685,53.1643,0
	44.9685,53.1733,0
	44.9685,53.1823,0
	44.9685,53.1913,0
	44.9685,53.2003,0
	44.9685,53.2093,0
	44.9684,53.2182,0
	44.9834,53.1374,0
	44.9834,53.1464,0
	44.9834,53.1554,0
	44.9834,53.1643,0
	44.9834,53.1733,0
	44.9834,53.1823,0
	44.9834,53.1913,0
	44.9834,53.2003,0
	44.9834,53.2093,0
	44.9984,53.1284,0
	44.9984,53.1374,0
	44.9984,53.1464,0
	44.9984,53.1554,0
	44.9984,53.1643,0
	44.9984,53.1733,0
	44.9984,53.1823,0
	44.9984,53.1913,0
	44.9984,53.2003,0
	45.0133,53.1194,0
	45.0133,53.1284,0
	45.0133,53.1374,0
	45.0133,53.1464,0
	45.0133,53.1554,0
	45.0133,53.1643,0
	45.0133,53.1733,0
	45.0133,53.1823,0
	45.0134,53.1913,0
	45.0283,53.1104,0
	45.0283,53.1194,0
	45.0283,53.1284,0
	45.0283,53.1374,0
	45.0283,53.1464,0
	45.0283,53.1554,0
	45.0283,53.1643,0
	45.0283,53.1733,0
	45.0283,53.1823,0
	45.0432,53.1014,0
	45.0432,53.1104,0
	45.0432,53.1194,0
	45.0432,53.1284,0
	45.0432,53.1374,0
	45.0432,53.1464,0
	45.0432,53.1553,0
	45.0432,53.1643,0
	45.0433,53.1733,0
	45.0581,53.0924,0
	45.0581,53.1014,0
	45.0581,53.1104,0
	45.0581,53.1194,0
	45.0581,53.1284,0
	45.0582,53.1374,0
	45.0582,53.1464,0
	45.0582,53.1553,0
	45.0582,53.1643,0
	45.073,53.0834,0
	45.073,53.0924,0
	45.073,53.1014,0
	45.0731,53.1104,0
	45.0731,53.1194,0
	45.0731,53.1284,0
	45.0731,53.1374,0
	45.0731,53.1463,0
	45.0731,53.1553,0
	45.0879,53.0745,0
	45.0879,53.0834,0
	45.088,53.0924,0
	45.088,53.1014,0
	45.088,53.1104,0
	45.088,53.1194,0
	45.088,53.1284,0
	45.088,53.1374,0
	45.0881,53.1463,0
	45.1028,53.0655,0
	45.1028,53.0744,0
	45.1029,53.0834,0
	45.1029,53.0924,0
	45.1029,53.1014,0
	45.1029,53.1104,0
	45.1029,53.1194,0
	45.103,53.1284,0
	45.103,53.1373,0
	45.1177,53.0565,0
	45.1177,53.0654,0
	45.1178,53.0744,0
	45.1178,53.0834,0
	45.1178,53.0924,0
	45.1178,53.1014,0
	45.1179,53.1104,0
	45.1179,53.1194,0
	45.1179,53.1283,0
	45.1326,53.0475,0
	45.1326,53.0564,0
	45.1327,53.0654,0
	45.1327,53.0744,0
	45.1327,53.0834,0
	45.1327,53.0924,0
	45.1328,53.1014,0
	45.1328,53.1104,0
	45.1328,53.1193,0
	45.1475,53.0384,0
	45.1475,53.0474,0
	45.1475,53.0564,0
	45.1476,53.0654,0
	45.1476,53.0744,0
	45.1476,53.0834,0
	45.1477,53.0924,0
	45.1477,53.1013,0
	45.1477,53.1103,0
	45.1624,53.0294,0
	45.1624,53.0384,0
	45.1624,53.0474,0
	45.1625,53.0564,0
	45.1625,53.0654,0
	45.1625,53.0744,0
	45.1626,53.0834,0
	45.1626,53.0923,0
	45.1626,53.1013,0
	45.1772,53.0204,0
	45.1773,53.0294,0
	45.1773,53.0384,0
	45.1773,53.0474,0
	45.1774,53.0564,0
	45.1774,53.0654,0
	45.1774,53.0744,0
	45.1775,53.0833,0
	45.1775,53.0923,0
	45.1921,53.0114,0
	45.1921,53.0204,0
	45.1922,53.0294,0
	45.1922,53.0384,0
	45.1922,53.0474,0
	45.1923,53.0653,0
	45.1924,53.0743,0
	45.1924,53.0833,0
	45.2069,53.0024,0
	45.207,53.0114,0
	45.207,53.0204,0
	45.2071,53.0294,0
	45.2071,53.0384,0
	45.2072,53.0473,0
	45.2072,53.0563,0
	45.2072,53.0653,0
	45.2073,53.0743,0
	45.2218,52.9934,0
	45.2218,53.0024,0
	45.2219,53.0204,0
	45.222,53.0293,0
	45.2222,53.0653,0
	45.2366,52.9844,0
	45.2367,52.9934,0
	45.2367,53.0024,0
	45.2369,53.0293,0
	45.237,53.0563,0
	45.2515,52.9844,0
	45.2516,52.9933,0
	45.2519,53.0473,0
	45.2665,52.9933,0
</coordinates>
<coordinates>
	44.7592,53.1551,0
	44.7592,53.1641,0
</coordinates>
<coordinates>
	44.7733,53.3169,0
</coordinates>
<coordinates>
	44.8045,53.0564,0
	44.8045,53.0653,0
	44.8194,53.0564,0
	44.8194,53.0654,0
	44.8344,53.0474,0
	44.8343,53.0564,0
	44.8343,53.0654,0
	44.8343,53.0744,0
	44.8493,53.0384,0
	44.8493,53.0474,0
	44.8493,53.0564,0
	44.8492,53.0654,0
	44.8492,53.0744,0
	44.8492,53.0834,0
	44.8491,53.0924,0
	44.8491,53.1013,0
	44.8491,53.1103,0
	44.849,53.1193,0
	44.849,53.1283,0
	44.8643,53.0295,0
	44.8642,53.0385,0
	44.8642,53.0474,0
	44.8642,53.0564,0
	44.8641,53.0654,0
	44.8641,53.0744,0
	44.8641,53.0834,0
	44.8641,53.0924,0
	44.864,53.1014,0
	44.864,53.1103,0
	44.864,53.1193,0
	44.8639,53.1283,0
	44.8639,53.1373,0
	44.8791,53.0385,0
	44.8791,53.0475,0
	44.8791,53.0654,0
	44.879,53.0744,0
	44.879,53.0834,0
	44.879,53.0924,0
	44.879,53.1014,0
	44.8789,53.1104,0
	44.8789,53.1194,0
	44.8789,53.1283,0
	44.8789,53.1373,0
	44.8788,53.1463,0
	44.8788,53.1553,0
	44.8788,53.1643,0
	44.8788,53.1733,0
	44.8787,53.1822,0
	44.8787,53.1912,0
	44.8941,53.0295,0
	44.894,53.0565,0
	44.894,53.0655,0
	44.894,53.0744,0
	44.8939,53.0834,0
	44.8939,53.0924,0
	44.8939,53.1014,0
	44.8939,53.1104,0
	44.8938,53.1194,0
	44.8938,53.1284,0
	44.8938,53.1373,0
	44.8938,53.1463,0
	44.8938,53.1553,0
	44.8937,53.1643,0
	44.8937,53.1733,0
	44.909,53.0295,0
	44.9089,53.0385,0
	44.9089,53.0475,0
	44.9089,53.0565,0
	44.9089,53.0655,0
	44.9089,53.0744,0
	44.9089,53.0834,0
	44.9088,53.0924,0
	44.9088,53.1014,0
	44.9088,53.1104,0
	44.9088,53.1194,0
	44.9088,53.1284,0
	44.9087,53.1373,0
	44.9087,53.1463,0
	44.9087,53.1553,0
	44.9087,53.1643,0
	44.9087,53.1733,0
	44.9239,53.0295,0
	44.9239,53.0385,0
	44.9238,53.0475,0
	44.9238,53.0565,0
	44.9238,53.0655,0
	44.9238,53.0745,0
	44.9238,53.0834,0
	44.9238,53.0924,0
	44.9237,53.1014,0
	44.9237,53.1104,0
	44.9237,53.1194,0
	44.9237,53.1284,0
	44.9237,53.1374,0
	44.9237,53.1463,0
	44.9236,53.1553,0
	44.9236,53.1643,0
	44.9388,53.0206,0
	44.9388,53.0295,0
	44.9388,53.0385,0
	44.9388,53.0475,0
	44.9387,53.0565,0
	44.9387,53.0655,0
	44.9387,53.0745,0
	44.9387,53.0835,0
	44.9387,53.0924,0
	44.9387,53.1014,0
	44.9387,53.1104,0
	44.9386,53.1194,0
	44.9386,53.1284,0
	44.9386,53.1374,0
	44.9386,53.1464,0
	44.9386,53.1553,0
	44.9537,53.0116,0
	44.9537,53.0206,0
	44.9537,53.0295,0
	44.9537,53.0385,0
	44.9537,53.0475,0
	44.9537,53.0565,0
	44.9536,53.0655,0
	44.9536,53.0745,0
	44.9536,53.0835,0
	44.9536,53.0924,0
	44.9536,53.1014,0
	44.9536,53.1104,0
	44.9536,53.1194,0
	44.9536,53.1284,0
	44.9536,53.1374,0
	44.9536,53.1464,0
	44.9686,53.0116,0
	44.9686,53.0206,0
	44.9686,53.0296,0
	44.9686,53.0385,0
	44.9686,53.0475,0
	44.9686,53.0565,0
	44.9686,53.0655,0
	44.9686,53.0745,0
	44.9685,53.0835,0
	44.9685,53.0925,0
	44.9685,53.1014,0
	44.9685,53.1104,0
	44.9685,53.1194,0
	44.9685,53.1284,0
	44.9685,53.1374,0
	44.9835,53.0116,0
	44.9835,53.0206,0
	44.9835,53.0296,0
	44.9835,53.0385,0
	44.9835,53.0475,0
	44.9835,53.0565,0
	44.9835,53.0655,0
	44.9835,53.0745,0
	44.9835,53.0835,0
	44.9835,53.0925,0
	44.9835,53.1014,0
	44.9835,53.1104,0
	44.9835,53.1194,0
	44.9835,53.1284,0
	44.9984,53.0026,0
	44.9984,53.0116,0
	44.9984,53.0206,0
	44.9984,53.0296,0
	44.9984,53.0385,0
	44.9984,53.0475,0
	44.9984,53.0565,0
	44.9984,53.0655,0
	44.9984,53.0745,0
	44.9984,53.0835,0
	44.9984,53.0925,0
	44.9984,53.1014,0
	44.9984,53.1104,0
	44.9984,53.1194,0
	45.0133,53.0026,0
	45.0133,53.0116,0
	45.0133,53.0206,0
	45.0133,53.0296,0
	45.0133,53.0385,0
	45.0133,53.0475,0
	45.0133,53.0565,0
	45.0133,53.0655,0
	45.0133,53.0745,0
	45.0133,53.0835,0
	45.0133,53.0925,0
	45.0133,53.1014,0
	45.0133,53.1104,0
	45.0282,52.9936,0
	45.0282,53.0026,0
	45.0282,53.0116,0
	45.0282,53.0206,0
	45.0282,53.0296,0
	45.0282,53.0385,0
	45.0282,53.0475,0
	45.0282,53.0565,0
	45.0282,53.0655,0
	45.0282,53.0745,0
	45.0282,53.0835,0
	45.0282,53.0925,0
	45.0283,53.1014,0
	45.0431,52.9846,0
	45.0431,52.9936,0
	45.0431,53.0026,0
	45.0431,53.0116,0
	45.0431,53.0206,0
	45.0431,53.0295,0
	45.0431,53.0385,0
	45.0431,53.0475,0
	45.0431,53.0565,0
	45.0431,53.0655,0
	45.0432,53.0745,0
	45.0432,53.0835,0
	45.0432,53.0924,0
	45.058,52.9846,0
	45.058,52.9936,0
	45.058,53.0026,0
	45.058,53.0116,0
	45.058,53.0206,0
	45.058,53.0295,0
	45.058,53.0385,0
	45.058,53.0475,0
	45.0581,53.0565,0
	45.0581,53.0655,0
	45.0581,53.0745,0
	45.0581,53.0835,0
	45.0728,52.9756,0
	45.0728,52.9846,0
	45.0729,52.9936,0
	45.0729,53.0026,0
	45.0729,53.0116,0
	45.0729,53.0205,0
	45.0729,53.0295,0
	45.0729,53.0385,0
	45.073,53.0475,0
	45.073,53.0565,0
	45.073,53.0655,0
	45.073,53.0745,0
	45.0877,52.9756,0
	45.0878,52.9936,0
	45.0878,53.0026,0
	45.0878,53.0205,0
	45.0878,53.0295,0
	45.0878,53.0385,0
	45.0879,53.0475,0
	45.0879,53.0565,0
	45.0879,53.0655,0
	45.1026,52.9756,0
	45.1026,52.9846,0
	45.1026,52.9936,0
	45.1027,53.0026,0
	45.1027,53.0115,0
	45.1027,53.0295,0
	45.1028,53.0385,0
	45.1028,53.0475,0
	45.1028,53.0565,0
	45.1175,52.9756,0
	45.1175,52.9846,0
	45.1176,53.0025,0
	45.1176,53.0115,0
	45.1177,53.0385,0
	45.1177,53.0475,0
	45.1324,52.9756,0
	45.1324,52.9846,0
	45.1324,52.9935,0
	45.1325,53.0025,0
	45.1325,53.0205,0
	45.1325,53.0295,0
	45.1326,53.0385,0
	45.1473,52.9845,0
	45.1473,52.9935,0
	45.1474,53.0025,0
	45.1474,53.0115,0
	45.1474,53.0205,0
	45.1474,53.0295,0
	45.1622,52.9845,0
	45.1622,52.9935,0
	45.1623,53.0025,0
	45.1623,53.0115,0
	45.1623,53.0205,0
	45.177,52.9755,0
	45.1771,52.9845,0
	45.1771,52.9935,0
	45.1919,52.9755,0
	45.192,52.9845,0
	45.192,52.9935,0
	45.192,53.0024,0
	45.2069,52.9844,0
	45.2069,52.9934,0
	45.2217,52.9844,0
</coordinates>
<coordinates>
	44.8034,53.3079,0
	44.8184,53.299,0
	44.8334,53.29,0
</coordinates>
<coordinates>
	44.8189,53.1822,0
	44.8189,53.1912,0
	44.8188,53.2001,0
	44.8188,53.2091,0
	44.8187,53.2181,0
	44.8187,53.2271,0
	44.8339,53.1822,0
	44.8338,53.1912,0
	44.8338,53.2002,0
	44.8337,53.2092,0
	44.8337,53.2181,0
	44.8488,53.1912,0
	44.8487,53.2002,0
	44.8487,53.2092,0
	44.8638,53.1822,0
	44.8637,53.1912,0
	44.8637,53.2002,0
</coordinates>
<coordinates>
	44.8345,53.0205,0
	44.8344,53.0294,0
	44.8344,53.0384,0
	44.8494,53.0115,0
	44.8494,53.0205,0
	44.8493,53.0295,0
	44.8643,53.0205,0
</coordinates>
<coordinates>
	44.834,53.1373,0
	44.834,53.1463,0
	44.8489,53.1463,0
	44.8489,53.1553,0
	44.8638,53.1643,0
	44.8638,53.1732,0
</coordinates>
<coordinates>
	44.8932,53.371,0
	44.8932,53.3799,0
	44.9082,53.371,0
	44.9082,53.38,0
</coordinates>
<coordinates>
	44.9082,53.4069,0
</coordinates>
<coordinates>
	44.9388,53.0116,0
</coordinates>
<coordinates>
	44.9533,53.344,0
	44.9684,53.344,0
	44.9834,53.3351,0
	44.9834,53.344,0
	44.9834,53.353,0
	44.9984,53.3261,0
	44.9984,53.3351,0
	44.9984,53.344,0
	45.0134,53.3171,0
	45.0134,53.3261,0
	45.0134,53.3351,0
	45.0134,53.344,0
</coordinates>
<coordinates>
	44.9684,53.3261,0
	44.9834,53.3261,0
	44.9984,53.3171,0
</coordinates>
<coordinates>
	45.1487,53.3799,0
	45.1487,53.3889,0
	45.1487,53.3979,0
	45.1637,53.3799,0
	45.1637,53.3889,0
	45.1637,53.3978,0
	45.1787,53.3888,0
	45.1788,53.3978,0
	45.1938,53.3888,0
	45.1938,53.3978,0
	45.1939,53.4068,0
	45.2088,53.3978,0
</coordinates>
<coordinates>
	45.177,52.9575,0
	45.177,52.9665,0
	45.1918,52.9575,0
</coordinates>
<coordinates>
	45.2377,53.1731,0
	45.2526,53.1641,0
</coordinates>
<coordinates>
	45.2684,53.2988,0
</coordinates>
<coordinates>
	45.2983,53.2898,0
</coordinates>
<coordinates>
	46.3422,53.1029,0
</coordinates>
<coordinates>
	46.3585,53.1476,0
	46.3588,53.1566,0
	46.3732,53.1385,0
	46.3734,53.1474,0
	46.3878,53.1293,0
	46.3881,53.1383,0
	46.3884,53.1473,0
	46.4025,53.1201,0
	46.403,53.1381,0
	46.4033,53.1471,0
	46.4036,53.1561,0
	46.4171,53.111,0
	46.4174,53.12,0
	46.4177,53.1289,0
	46.418,53.1379,0
	46.4183,53.1469,0
	46.4186,53.1559,0
	46.4323,53.1198,0
	46.4326,53.1288,0
	46.4329,53.1378,0
	46.4332,53.1467,0
	46.4469,53.1106,0
	46.4475,53.1286,0
	46.4478,53.1376,0
	46.4482,53.1466,0
	46.4616,53.1015,0
	46.4619,53.1104,0
	46.4622,53.1194,0
	46.4625,53.1284,0
	46.4628,53.1374,0
	46.4634,53.1554,0
	46.4637,53.1643,0
	46.464,53.1733,0
	46.4762,53.0923,0
	46.4765,53.1013,0
	46.4768,53.1103,0
	46.4774,53.1282,0
	46.4777,53.1372,0
	46.4786,53.1642,0
	46.479,53.1731,0
	46.4793,53.1821,0
	46.4796,53.1911,0
	46.4799,53.2001,0
	46.4908,53.0831,0
	46.4911,53.0921,0
	46.4914,53.1011,0
	46.4917,53.1101,0
	46.492,53.1191,0
	46.4924,53.128,0
	46.4927,53.137,0
	46.493,53.146,0
	46.4933,53.155,0
	46.4936,53.164,0
	46.4939,53.1729,0
	46.4942,53.1819,0
	46.4945,53.1909,0
	46.4948,53.1999,0
	46.5054,53.074,0
	46.5057,53.0829,0
	46.506,53.0919,0
	46.5063,53.1009,0
	46.5067,53.1099,0
	46.507,53.1189,0
	46.5073,53.1278,0
	46.5076,53.1368,0
	46.5079,53.1458,0
	46.5082,53.1548,0
	46.5085,53.1638,0
	46.5089,53.1728,0
	46.5092,53.1817,0
	46.5095,53.1907,0
	46.52,53.0648,0
	46.5203,53.0738,0
	46.5206,53.0827,0
	46.5209,53.0917,0
	46.5213,53.1007,0
	46.5216,53.1097,0
	46.5219,53.1187,0
	46.5222,53.1277,0
	46.5225,53.1366,0
	46.5229,53.1456,0
	46.5235,53.1636,0
	46.5238,53.1726,0
	46.5241,53.1816,0
	46.5244,53.1905,0
	46.5346,53.0556,0
	46.5349,53.0646,0
	46.5352,53.0736,0
	46.5356,53.0826,0
	46.5359,53.0915,0
	46.5362,53.1005,0
	46.5365,53.1095,0
	46.5368,53.1185,0
	46.5372,53.1275,0
	46.5375,53.1364,0
	46.5378,53.1454,0
	46.5381,53.1544,0
	46.5391,53.1814,0
	46.5394,53.1903,0
	46.5492,53.0464,0
	46.5495,53.0554,0
	46.5498,53.0644,0
	46.5501,53.0734,0
	46.5505,53.0824,0
	46.5508,53.0913,0
	46.5511,53.1003,0
	46.5514,53.1093,0
	46.5518,53.1183,0
	46.5521,53.1273,0
	46.5524,53.1363,0
	46.5527,53.1452,0
	46.5531,53.1542,0
	46.5534,53.1632,0
	46.5537,53.1722,0
	46.554,53.1812,0
	46.5544,53.1901,0
	46.5547,53.1991,0
	46.5638,53.0373,0
	46.5641,53.0462,0
	46.5644,53.0552,0
	46.5647,53.0642,0
	46.5651,53.0732,0
	46.5654,53.0822,0
	46.5657,53.0911,0
	46.566,53.1001,0
	46.5664,53.1091,0
	46.5667,53.1181,0
	46.567,53.1271,0
	46.5673,53.1361,0
	46.5677,53.145,0
	46.568,53.154,0
	46.5683,53.163,0
	46.5687,53.172,0
	46.569,53.181,0
	46.5693,53.19,0
	46.5783,53.0281,0
	46.5787,53.0371,0
	46.579,53.046,0
	46.5793,53.055,0
	46.5796,53.064,0
	46.58,53.073,0
	46.5803,53.082,0
	46.5806,53.0909,0
	46.581,53.0999,0
	46.5813,53.1089,0
	46.5816,53.1179,0
	46.582,53.1269,0
	46.5823,53.1359,0
	46.5826,53.1448,0
	46.5829,53.1538,0
	46.5833,53.1628,0
	46.5836,53.1718,0
	46.5839,53.1808,0
	46.5929,53.0189,0
	46.5932,53.0279,0
	46.5936,53.0369,0
	46.5946,53.0638,0
	46.5949,53.0728,0
	46.5952,53.0818,0
	46.5956,53.0907,0
	46.5959,53.0997,0
	46.5962,53.1087,0
	46.5966,53.1177,0
	46.5969,53.1267,0
	46.5972,53.1357,0
	46.5976,53.1446,0
	46.5979,53.1536,0
	46.5982,53.1626,0
	46.5986,53.1716,0
	46.5989,53.1806,0
	46.6075,53.0097,0
	46.6078,53.0187,0
	46.6081,53.0277,0
	46.6085,53.0367,0
	46.6088,53.0456,0
	46.6091,53.0546,0
	46.6095,53.0636,0
	46.6098,53.0726,0
	46.6101,53.0816,0
	46.6105,53.0905,0
	46.6108,53.0995,0
	46.6111,53.1085,0
	46.6115,53.1175,0
	46.6118,53.1265,0
	46.6122,53.1355,0
	46.6125,53.1444,0
	46.6128,53.1534,0
	46.6132,53.1624,0
	46.6135,53.1714,0
	46.6138,53.1804,0
	46.6227,53.0185,0
	46.623,53.0275,0
	46.6234,53.0365,0
	46.6237,53.0454,0
	46.624,53.0544,0
	46.6244,53.0634,0
	46.6247,53.0724,0
	46.6251,53.0814,0
	46.6254,53.0903,0
	46.6257,53.0993,0
	46.6261,53.1083,0
	46.6264,53.1173,0
	46.6267,53.1263,0
	46.6271,53.1353,0
	46.6274,53.1442,0
	46.6278,53.1532,0
	46.6281,53.1622,0
	46.6284,53.1712,0
	46.6376,53.0183,0
	46.6379,53.0273,0
	46.6383,53.0362,0
	46.6386,53.0452,0
	46.6389,53.0542,0
	46.6393,53.0632,0
	46.6396,53.0722,0
	46.64,53.0812,0
	46.6403,53.0901,0
	46.6407,53.0991,0
	46.641,53.1081,0
	46.6413,53.1171,0
	46.6417,53.1261,0
	46.642,53.1351,0
	46.6424,53.144,0
	46.6427,53.153,0
	46.6525,53.0181,0
	46.6528,53.0271,0
	46.6532,53.036,0
	46.6535,53.045,0
	46.6539,53.054,0
	46.6542,53.063,0
	46.6545,53.072,0
	46.6549,53.081,0
	46.6552,53.0899,0
	46.6556,53.0989,0
	46.6559,53.1079,0
	46.6563,53.1169,0
	46.6566,53.1259,0
	46.657,53.1348,0
	46.6573,53.1438,0
	46.6577,53.1528,0
	46.658,53.1618,0
	46.6583,53.1708,0
	46.667,53.0089,0
	46.6674,53.0179,0
	46.6677,53.0269,0
	46.6681,53.0358,0
	46.6684,53.0448,0
	46.6688,53.0538,0
	46.6691,53.0628,0
	46.6695,53.0718,0
	46.6698,53.0807,0
	46.6702,53.0897,0
	46.6705,53.0987,0
	46.6708,53.1077,0
	46.6712,53.1167,0
	46.6715,53.1257,0
	46.6719,53.1346,0
	46.6722,53.1436,0
	46.6729,53.1616,0
	46.6733,53.1706,0
	46.6736,53.1795,0
	46.6819,53.0087,0
	46.6823,53.0177,0
	46.6826,53.0266,0
	46.683,53.0356,0
	46.6833,53.0446,0
	46.6837,53.0536,0
	46.684,53.0626,0
	46.6844,53.0716,0
	46.6847,53.0805,0
	46.6851,53.0895,0
	46.6858,53.1075,0
	46.6861,53.1165,0
	46.6865,53.1254,0
	46.6868,53.1344,0
	46.6872,53.1434,0
	46.6875,53.1524,0
	46.6879,53.1614,0
	46.6882,53.1704,0
	46.6886,53.1793,0
	46.6889,53.1883,0
	46.6968,53.0085,0
	46.6972,53.0174,0
	46.6975,53.0264,0
	46.6979,53.0354,0
	46.6982,53.0444,0
	46.6986,53.0534,0
	46.6989,53.0624,0
	46.6993,53.0713,0
	46.6996,53.0803,0
	46.7,53.0893,0
	46.7007,53.1073,0
	46.7011,53.1162,0
	46.7014,53.1252,0
	46.7018,53.1342,0
	46.7021,53.1432,0
	46.7028,53.1612,0
	46.7032,53.1701,0
	46.7035,53.1791,0
	46.7121,53.0172,0
	46.7124,53.0262,0
	46.7128,53.0352,0
	46.7131,53.0442,0
	46.7135,53.0532,0
	46.7138,53.0621,0
	46.7142,53.0711,0
	46.7146,53.0801,0
	46.7149,53.0891,0
	46.7153,53.0981,0
	46.7156,53.1071,0
	46.716,53.116,0
	46.7163,53.125,0
	46.7167,53.134,0
	46.7171,53.143,0
	46.7174,53.152,0
	46.7181,53.1699,0
	46.7185,53.1789,0
	46.727,53.017,0
	46.7273,53.026,0
	46.7277,53.035,0
	46.728,53.044,0
	46.7284,53.0529,0
	46.7288,53.0619,0
	46.7291,53.0709,0
	46.7295,53.0799,0
	46.7298,53.0889,0
	46.7306,53.1068,0
	46.7309,53.1158,0
	46.7316,53.1338,0
	46.732,53.1428,0
	46.7324,53.1517,0
	46.7327,53.1607,0
	46.7331,53.1697,0
	46.7334,53.1787,0
	46.7422,53.0258,0
	46.7426,53.0348,0
	46.7429,53.0437,0
	46.7433,53.0527,0
	46.7437,53.0617,0
	46.744,53.0707,0
	46.7444,53.0797,0
	46.7447,53.0887,0
	46.7451,53.0976,0
	46.7455,53.1066,0
	46.7458,53.1156,0
	46.7484,53.1785,0
	46.7571,53.0256,0
	46.7575,53.0345,0
	46.7578,53.0435,0
	46.7582,53.0525,0
	46.7586,53.0615,0
	46.7589,53.0705,0
	46.7593,53.0795,0
	46.7597,53.0884,0
	46.772,53.0253,0
	46.7724,53.0343,0
	46.7727,53.0433,0
	46.7731,53.0523,0
	46.7735,53.0613,0
	46.7738,53.0703,0
	46.7742,53.0792,0
	46.7746,53.0882,0
	46.7876,53.0431,0
	46.788,53.0521,0
	46.7884,53.061,0
	46.7888,53.07,0
	46.7891,53.079,0
	46.7895,53.088,0
	46.8029,53.0518,0
	46.8033,53.0608,0
	46.8037,53.0698,0
	46.804,53.0788,0
	46.8044,53.0878,0
</coordinates>
<coordinates>
	46.372,53.1025,0
	46.3869,53.1023,0
	46.3872,53.1113,0
	46.3875,53.1203,0
	46.4022,53.1112,0
</coordinates>
<coordinates>
	46.3726,53.1205,0
	46.3729,53.1295,0
</coordinates>
<coordinates>
	46.3861,53.0754,0
</coordinates>
<coordinates>
	46.4314,53.0928,0
	46.4463,53.0927,0
	46.4466,53.1016,0
	46.461,53.0835,0
	46.4613,53.0925,0
	46.4756,53.0743,0
	46.4759,53.0833,0
	46.4902,53.0652,0
	46.4905,53.0741,0
	46.5048,53.056,0
	46.5051,53.065,0
	46.5194,53.0468,0
	46.5197,53.0558,0
	46.534,53.0376,0
	46.5343,53.0466,0
	46.5485,53.0285,0
	46.5489,53.0374,0
	46.5631,53.0193,0
	46.5634,53.0283,0
	46.5777,53.0101,0
	46.578,53.0191,0
	46.5922,53.0009,0
	46.5926,53.0099,0
</coordinates>
<coordinates>
	46.4488,53.1645,0
	46.4491,53.1735,0
	46.4494,53.1825,0
</coordinates>
<coordinates>
	46.4579,52.9937,0
</coordinates>
<coordinates>
	46.4607,53.0745,0
	46.4753,53.0653,0
	46.4899,53.0562,0
	46.5045,53.047,0
	46.5191,53.0378,0
	46.5336,53.0287,0
	46.5482,53.0195,0
	46.5628,53.0103,0
	46.5774,53.0011,0
</coordinates>
<coordinates>
	46.4747,53.0474,0
	46.475,53.0564,0
	46.4892,53.0382,0
	46.4896,53.0472,0
	46.5038,53.029,0
	46.5041,53.038,0
	46.5184,53.0199,0
	46.5187,53.0288,0
	46.533,53.0107,0
	46.5333,53.0197,0
	46.5476,53.0015,0
	46.5479,53.0105,0
	46.5625,53.0013,0
</coordinates>
<coordinates>
	46.488,53.0023,0
	46.4883,53.0113,0
	46.4886,53.0202,0
	46.5029,53.0021,0
	46.5032,53.0111,0
	46.5035,53.0201,0
	46.5175,52.9929,0
	46.5178,53.0019,0
	46.5181,53.0109,0
	46.5324,52.9927,0
	46.5327,53.0017,0
	46.5473,52.9925,0
</coordinates>
<coordinates>
	46.5996,53.1985,0
</coordinates>
<coordinates>
	46.6518,53.0001,0
	46.6667,52.9999,0
</coordinates>
